9 9
0.000058 0.000275 0.000834 0.001625 0.002030 0.001625 0.000834 0.000275 0.000058
0.000275 0.001301 0.003953 0.007700 0.009616 0.007700 0.003953 0.001301 0.000275
0.000834 0.003953 0.012009 0.023391 0.029211 0.023391 0.012009 0.003953 0.000834
0.001625 0.007700 0.023391 0.045559 0.056896 0.045559 0.023391 0.007700 0.001625
0.002030 0.009616 0.029211 0.056896 0.071054 0.056896 0.029211 0.009616 0.002030
0.001625 0.007700 0.023391 0.045559 0.056896 0.045559 0.023391 0.007700 0.001625
0.000834 0.003953 0.012009 0.023391 0.029211 0.023391 0.012009 0.003953 0.000834
0.000275 0.001301 0.003953 0.007700 0.009616 0.007700 0.003953 0.001301 0.000275
0.000058 0.000275 0.000834 0.001625 0.002030 0.001625 0.000834 0.000275 0.000058
