11 11
0.000028 0.000107 0.000303 0.000637 0.000995 0.001154 0.000995 0.000637 0.000303 0.000107 0.000028
0.000107 0.000407 0.001154 0.002428 0.003794 0.004403 0.003794 0.002428 0.001154 0.000407 0.000107
0.000303 0.001154 0.003270 0.006879 0.010749 0.012473 0.010749 0.006879 0.003270 0.001154 0.000303
0.000637 0.002428 0.006879 0.014473 0.022614 0.026242 0.022614 0.014473 0.006879 0.002428 0.000637
0.000995 0.003794 0.010749 0.022614 0.035335 0.041002 0.035335 0.022614 0.010749 0.003794 0.000995
0.001154 0.004403 0.012473 0.026242 0.041002 0.047579 0.041002 0.026242 0.012473 0.004403 0.001154
0.000995 0.003794 0.010749 0.022614 0.035335 0.041002 0.035335 0.022614 0.010749 0.003794 0.000995
0.000637 0.002428 0.006879 0.014473 0.022614 0.026242 0.022614 0.014473 0.006879 0.002428 0.000637
0.000303 0.001154 0.003270 0.006879 0.010749 0.012473 0.010749 0.006879 0.003270 0.001154 0.000303
0.000107 0.000407 0.001154 0.002428 0.003794 0.004403 0.003794 0.002428 0.001154 0.000407 0.000107
0.000028 0.000107 0.000303 0.000637 0.000995 0.001154 0.000995 0.000637 0.000303 0.000107 0.000028
